globalCC=0.0397773056918907
averageCC=0.05428146847248411
