globalCC=0.06908315565031983
averageCC=0.06319468308021343
