globalCC=0.04194984766815093
averageCC=0.05391246252043054
