globalCC=0.07804319371727748
averageCC=0.06842720723835273
