globalCC=0.03790948423871987
averageCC=0.05244687164309002
