total=1.00496E8
overhead=331000.0
metrics=9.9262E7
graphUpdate=248000.0
profiler=0.0
batchGeneration=655000.0
sum=1.00165E8
recommendation=0.0
graphGeneration=0.0
hotswap=0.0
