globalCC=0.03447646844217439
averageCC=0.053624460593510934
