globalCC=0.05345282024248814
averageCC=0.05973284706267284
