globalCC=0.05240443896424168
averageCC=0.05848210952959234
