globalCC=0.04413990247183454
averageCC=0.04998407071809813
