globalCC=0.057738572574178026
averageCC=0.0642348766684659
