globalCC=0.03933717579250721
averageCC=0.0550086389896289
