globalCC=0.0714495736548074
averageCC=0.06889567747926877
