globalCC=0.042580336496292163
averageCC=0.05291308733436321
