globalCC=0.04033764099499514
averageCC=0.05340487847933162
