globalCC=0.046733253917346285
averageCC=0.042179280160640834
