globalCC=0.0738826391000304
averageCC=0.07423154295672961
