globalCC=0.07594339622641509
averageCC=0.07785373306174388
