globalCC=0.03396626960726501
averageCC=0.05568109897877472
