globalCC=0.03438600680556385
averageCC=0.05786932149263858
