total=1.06991E8
overhead=387000.0
metrics=1.05634E8
graphUpdate=292000.0
profiler=0.0
batchGeneration=678000.0
sum=1.06604E8
recommendation=0.0
graphGeneration=0.0
hotswap=0.0
