globalCC=0.08723482077542064
averageCC=0.09805345525933759
