globalCC=0.045662502199542494
averageCC=0.04773653489368927
