globalCC=0.06361389358657474
averageCC=0.05573711266998627
