globalCC=0.048934945308002305
averageCC=0.04602086728375595
