globalCC=0.03324529168580616
averageCC=0.05509168407285466
