globalCC=0.06064296151972723
averageCC=0.06249521648515454
