globalCC=0.0654969193678007
averageCC=0.0593765103473197
