globalCC=0.03658059467918623
averageCC=0.055541313732767064
