globalCC=0.08368421052631579
averageCC=0.08313163887526831
