globalCC=0.03850177861477296
averageCC=0.05517753990358145
