globalCC=0.038812301166489926
averageCC=0.055836970089130564
