globalCC=0.045929394812680116
averageCC=0.04080762805214839
