globalCC=0.033533213017407
averageCC=0.05439779793099658
