globalCC=0.06749482401656315
averageCC=0.06432010249812105
