globalCC=0.09375
averageCC=0.09235936818599352
