globalCC=0.04785137924563708
averageCC=0.04373565515563091
