globalCC=0.050029429075927015
averageCC=0.047757221236870234
