globalCC=0.05647766514425755
averageCC=0.06500663876765041
