globalCC=0.044557005494505496
averageCC=0.04612388730388956
