globalCC=0.03613068545803972
averageCC=0.056316022247284055
