globalCC=0.035130111524163565
averageCC=0.05471706848813181
