globalCC=0.036860879904875146
averageCC=0.05415614999911425
