globalCC=0.04331774550824514
averageCC=0.04939019462811359
