total=1.07922E8
overhead=393000.0
metrics=1.06496E8
graphUpdate=306000.0
profiler=0.0
batchGeneration=727000.0
sum=1.07529E8
recommendation=0.0
graphGeneration=0.0
hotswap=0.0
