globalCC=0.03574355418268928
averageCC=0.05706707398613253
