globalCC=0.09061364939782068
averageCC=0.1001522927458756
