globalCC=0.08115005103776794
averageCC=0.07514544211746776
