globalCC=0.037315941639211994
averageCC=0.053309522648192595
