globalCC=0.041158536585365856
averageCC=0.05483939580817924
