globalCC=0.05459832005169072
averageCC=0.06225561625865452
